ACCOUNT_NO
3000149379
3000163089
2001041284
2001041246
3000007910
3000039506
3000083248
3000091533
3000104826
3000128464
3000172883
2001040768
2001024566
2001037289
2001040878
2001040964
3000177053
3000176393
2001042511
3000176142
3000176025
3000177321
3000176908
2001040689
3000175774
2001041772
2001041136
3000175970
3000176049
2001040665
3000176403
2000355078
3000176616
2001039111
2001042157
2001042164
3000177400
2001041545
2001019894
2000719104
2001040517
2001041624
2001042906
2001040696
2001023174
3000157994
